    PID USER      PR  NI    VIRT    RES    SHR S  %CPU  %MEM     TIME+ COMMAND
  22534 xxxxxxx   20   0   14.2g  74188  27944 S  1584   0.5  10:33.44 java

procs -----------memory---------- ---swap-- -----io---- -system-- ------cpu-----
 r  b   swpd   free   buff  cache   si   so    bi    bo   in   cs us sy id wa st
951  0  22528 2133952 240292 4839900    0    0    67    13  282  260  8  1 91  0  0
955  0  22528 2133456 240300 4840496    0    0     0   480 6577 10202 100  0  0  0  0
963  0  22528 2133276 240300 4841208    0    0     0     0 6464 8713 100  0  0  0  0
975  0  22528 2133460 240300 4841732    0    0     0  3904 6639 8809 100  0  0  0  0
985  0  22528 2132796 240300 4842256    0    0     0     0 6582 8920 100  0  0  0  0
992  0  22528 2132464 240300 4842780    0    0     0     0 6694 10058 100  0  0  0  0
995  0  22528 2131568 240308 4843652    0    0     0   124 6460 8699 100  0  0  0  0
1001  0  22528 2129804 240308 4845744    0    0     0     0 6552 8766 100  0  0  0  0
1004  0  22528 2129076 240316 4846264    0    0     0    24 6541 9391 100  0  0  0  0
1009  0  22528 2128320 240316 4846784    0    0     0   348 6786 9745 100  0  0  0  0
