procs -----------memory---------- ---swap-- -----io---- -system-- ------cpu-----
 r  b   swpd   free   buff  cache   si   so    bi    bo   in   cs us sy id wa st
253  0  22528 3934200 226824 4583432    0    0    91    12  220   22  5  1 95  0  0
256  0  22528 3933472 226840 4583416    0    0     0   208 7298 10111 100  0  0  0  0
264  0  22528 3933472 226840 4583432    0    0     0     0 7960 48498 100  0  0  0  0
256  0  22528 3930000 226840 4582920    0    0     0     0 7798 180739 99  1  0  0  0
256  0  22528 3930044 226840 4582920    0    0     0     0 6801 9384 100  0  0  0  0
256  0  22528 3930368 226840 4582920    0    0     0     0 7265 11604 99  1  0  0  0
257  0  22528 3930056 226848 4582912    0    0     0   172 7224 12175 99  1  0  0  0
260  0  22528 3929336 226856 4582912    0    0     0    16 6950 10741 100  0  0  0  0
258  0  22528 3929336 226856 4582920    0    0     0     0 7973 15108 99  1  0  0  0
258  0  22528 3929100 226856 4582920    0    0     0     0 7037 10137 100  0  0  0  0
