procs -----------memory---------- ---swap-- -----io---- -system-- ------cpu-----
 r  b   swpd   free   buff  cache   si   so    bi    bo   in   cs us sy id wa st
17  0  22528 2208556 239112 4805544    0    0    69    12  274  236  7  1 93  0  0
256  0  22528 2215620 239112 4805544    0    0     0     0 6767 8707 100  0  0  0  0
256  1  22528 2215620 239128 4805528    0    0     0    88 6858 9245 100  0  0  0  0
256  0  22528 2215116 239128 4805552    0    0     0  1100 7224 9381 99  0  1  0  0
256  0  22528 2215116 239128 4805552    0    0     0     0 6770 9143 100  0  0  0  0
256  0  22528 2214864 239128 4805552    0    0     0   348 6856 9092 99  0  1  0  0
256  0  22528 2214624 239128 4805552    0    0     0     0 6923 9206 99  0  1  0  0
256  0  22528 2214624 239128 4805552    0    0     0     0 6926 9124 99  0  1  0  0
256  0  22528 2214384 239144 4805544    0    0     0   176 6930 9253 100  0  0  0  0
257  0  22528 2214384 239144 4805552    0    0     0     0 7824 14145 99  0  1  0  0
