procs -----------memory---------- ---swap-- -----io---- -system-- ------cpu-----
 r  b   swpd   free     buff   cache   si   so    bi    bo   in    cs us sy id wa st
129  0  22528 4401356 223828 4443980    0    0   101    12  195   391  3  1 96  0  0
132  0  22528 4398508 223828 4443988    0    0     0     0 7627 10975 99  0  1  0  0
131  0  22528 4394540 223828 4443992    0    0     0     0 8519 15392 100  0  0  0  0
131  0  22528 4380548 223828 4445676    0    0     0     0 8592 16015 99  1  0  0  0
133  0  22528 4376568 223836 4443280    0    0     0   284 9252 18204 99  1  0  0  0
147  0  22528 4361756 223844 4445732    0    0     0   188 9427 20060 99  1  1  0  0
132  0  22528 4358460 223860 4445788    0    0     0    52 9744 18598 99  1  0  0  0
132  0  22528 4352944 223860 4445804    0    0     0     0 8142 12600 99  0  0  0  0
132  0  22528 4342512 223860 4445804    0    0     0     0 9040 35473 98  1  1  0  0
129  0  22528 4341188 223868 4445808    0    0     0   288 7135 9578 100  0  0  0  0