procs -----------memory---------- ---swap-- -----io---- -system-- ------cpu-----
 r  b   swpd   free   buff  cache   si   so    bi    bo   in   cs us sy id wa st
211  0  22528 2081112 239500 4824960    0    0    68    12  277  246  7  1 92  0  0
512  0  22528 2081112 239500 4824960    0    0     0     0 6837 9369 99  0  1  0  0
512  0  22528 2080888 239508 4824952    0    0     0    24 6425 8307 100  0  0  0  0
512  0  22528 2080636 239516 4824960    0    0     0    20 6797 9761 100  0  0  0  0
512  0  22528 2080384 239516 4824960    0    0     0   904 6606 8359 100  0  0  0  0
512  0  22528 2102644 239516 4824960    0    0     0     0 6468 8303 100  0  0  0  0
513  0  22528 2102392 239516 4824960    0    0     0     0 6864 9759 99  0  1  0  0
514  0  22528 2101652 239516 4824960    0    0     0     0 6473 8387 100  0  0  0  0
513  0  22528 2101400 239524 4824960    0    0     0   232 6523 8530 100  0  0  0  0
512  0  22528 2101400 239532 4824952    0    0     0  2652 6493 8362 100  0  0  0  0