vmstat 1 10
procs -----------memory---------- ---swap-- -----io---- -system-- ------cpu-----
 r  b   swpd   free   buff  cache   si   so    bi    bo   in   cs us sy id wa st
 1  0  22528 1560636 243232 5067692    0    0    64    13  292  292 10  1 90  0  0
 0  0  22528 1560148 243232 5067692    0    0     0     0 3546 6187  1  1 98  0  0
 0  0  22528 1560148 243232 5067692    0    0     0   828 3723 6457  2  0 98  0  0
 2  0  22528 1559660 243232 5067692    0    0     0     0 3633 6396  2  1 97  0  0
 0  0  22528 1559660 243232 5067692    0    0     0     0 3282 5875  1  1 98  0  0
 0  0  22528 1559660 243232 5067692    0    0     0     0 3494 6323  2  0 98  0  0
 0  0  22528 1559660 243232 5067692    0    0     0     0 3465 6185  2  0 98  0  0
 0  0  22528 1559660 243232 5067692    0    0     0     0 3318 6021  1  0 98  0  0
 0  0  22528 1559660 243248 5067692    0    0     0    88 3614 6475  2  0 98  0  0
 0  0  22528 1559408 243256 5067692    0    0     0   160 3731 6566  3  0 97  0  0
